6.5889e-15 6.1638e-09 6.618597726685749e-12
8.1344e-13 9.9911e-08 1.072811426805873e-10
1.582e-11 6.1806e-07 6.636519735152268e-10
1.9055e-11 6.9529e-07 7.465711326869916e-10
2.2763e-11 7.7845e-07 8.3582273485026e-10
2.6988e-11 8.6773e-07 9.317054801461407e-10
3.1775e-11 9.6337e-07 1.034398588659299e-09
3.7172e-11 1.0656e-06 1.1441410205026215e-09
4.323e-11 1.1746e-06 1.261111995760774e-09
4.9999e-11 1.2905e-06 1.3856699546030864e-09
5.7533e-11 1.4138e-06 1.5179343770860024e-09
6.5889e-11 1.5444e-06 1.6582039633506303e-09
7.5123e-11 1.6827e-06 1.8067176735098573e-09
8.5296e-11 1.829e-06 1.9637144676765703e-09
9.6468e-11 2.0494e-06 2.200404459491075e-09
1.087e-10 2.2175e-06 2.380879084748929e-09
1.2207e-10 2.3944e-06 2.5708523744940384e-09
1.3663e-10 2.5805e-06 2.7706230288675117e-09
1.5245e-10 2.7759e-06 2.980370267954015e-09
1.6961e-10 2.9808e-06 3.200392791894656e-09
1.8819e-10 3.1956e-06 3.4309295608023217e-09
2.0824e-10 3.4204e-06 3.6722792748181214e-09
2.2986e-10 3.6554e-06 3.924680894054941e-09
2.5312e-10 3.901e-06 4.1883136385974475e-09
2.781e-10 4.1574e-06 4.463535948614969e-09
3.0489e-10 4.4248e-06 4.750586784220394e-09
3.3356e-10 4.7034e-06 5.049705105526609e-09
3.6422e-10 4.9935e-06 5.361189612674722e-09
3.9693e-10 5.2954e-06 5.685219525749399e-09
4.3181e-10 5.6092e-06 6.0223922450328576e-09
4.6893e-10 5.9353e-06 6.372468810412211e-09
5.084e-10 6.2738e-06 6.735688182000344e-09
5.5031e-10 6.625e-06 7.112647760079477e-09
5.9476e-10 6.9892e-06 7.503347544649607e-09
6.4185e-10 7.3666e-06 7.908982336275171e-09
6.9168e-10 7.7575e-06 8.328357334391733e-09
7.4435e-10 8.1621e-06 8.762667339563728e-09
7.9998e-10 8.5806e-06 9.211912351791158e-09
8.5867e-10 9.0133e-06 9.676689771356237e-09
9.2053e-10 9.4604e-06 1.015640219797675e-08
9.8568e-10 9.9222e-06 1.065224443221713e-08
1.0542e-09 1.0399e-05 1.1164216474077378e-08
1.1263e-09 1.0891e-05 1.1692318323557494e-08
1.202e-09 1.1398e-05 1.2236549980657478e-08
1.2814e-09 1.1921e-05 1.2798106245941762e-08
1.3647e-09 1.246e-05 1.3376987119410353e-08
1.452e-09 1.3016e-05 1.3972595200781026e-08
1.5435e-09 1.3587e-05 1.4586125290618218e-08
1.6392e-09 1.4175e-05 1.521757738892193e-08
1.7393e-09 1.4781e-05 1.586754889597438e-08
1.8438e-09 1.5403e-05 1.653544241149335e-08
1.9531e-09 1.6043e-05 1.7221855335761058e-08
2.0671e-09 1.67e-05 1.7927982469341936e-08
2.186e-09 1.7376e-05 1.8652629011671554e-08
2.31e-09 1.8069e-05 1.9396989763314336e-08
2.4392e-09 1.8781e-05 2.0161662124552516e-08
2.5738e-09 1.9512e-05 2.0946048695103867e-08
2.7138e-09 2.0262e-05 2.1750149474968386e-08
2.8595e-09 2.103e-05 2.2575756664992727e-08
3.011e-09 2.1819e-05 2.342167546461246e-08
3.1684e-09 2.2627e-05 2.42885032741098e-08
3.3319e-09 2.3454e-05 2.517743489404918e-08
3.5016e-09 2.4302e-05 2.608727552386617e-08
3.6778e-09 2.5171e-05 2.7019219964125193e-08
3.8605e-09 2.606e-05 2.7973865615108483e-08
4.0499e-09 2.697e-05 2.895061507653381e-08
4.2462e-09 2.7901e-05 2.9950065748683394e-08
4.4496e-09 2.8854e-05 3.0972217631557236e-08
4.6602e-09 2.9828e-05 3.201826552571977e-08
4.8782e-09 3.0825e-05 3.3087612030888784e-08
5.1037e-09 3.1843e-05 3.4180257147064274e-08
5.337e-09 3.2884e-05 3.529739567481068e-08
5.5782e-09 3.3948e-05 3.643902761412798e-08
5.8274e-09 3.5034e-05 3.7605152965016207e-08
6.085e-09 3.6144e-05 3.879636912775755e-08
6.3509e-09 3.7277e-05 4.001267610235202e-08
6.6255e-09 3.8434e-05 4.125407388879963e-08
6.9089e-09 3.9615e-05 4.2521159887382574e-08
7.2014e-09 4.082e-05 4.381453149838309e-08
7.5029e-09 4.2049e-05 4.513418872180115e-08
7.8139e-09 4.3304e-05 4.648013155763679e-08
8.1344e-09 4.4583e-05 4.785236000588999e-08
8.4647e-09 4.5887e-05 4.925266626740739e-08
8.805e-09 4.7217e-05 5.067925814134237e-08
9.1554e-09 4.8573e-05 5.213392782854156e-08
9.5161e-09 4.9954e-05 5.3616675329004956e-08
9.8874e-09 5.1362e-05 5.512750064273258e-08
1.027e-08 5.2796e-05 5.66664037697244e-08
1.0663e-08 5.4257e-05 5.8233982110262664e-08
1.1067e-08 5.5745e-05 5.982963826406514e-08
1.1482e-08 5.726e-05 6.145456703169627e-08
1.191e-08 5.8803e-05 6.310936581343826e-08
1.2349e-08 6.0373e-05 6.479403460929112e-08
1.28e-08 6.1971e-05 6.6514547422077e-08
1.3263e-08 6.3598e-05 6.82589562461516e-08
1.3739e-08 6.5253e-05 7.003323508433707e-08
1.4227e-08 6.6936e-05 7.183738393663337e-08
1.4729e-08 6.8649e-05 7.367737680586274e-08
1.5243e-08 7.0391e-05 7.554723968920297e-08
1.5771e-08 7.2163e-05 7.744697258665406e-08
1.6312e-08 7.3964e-05 7.938254950103821e-08
1.6868e-08 7.5795e-05 8.134799642953321e-08
1.7437e-08 7.7657e-05 8.334331337213907e-08
1.802e-08 7.9548e-05 8.537447433167798e-08
1.8619e-08 8.1471e-05 8.743550530532776e-08
1.9232e-08 8.3425e-05 8.953238029591056e-08
1.9859e-08 8.541e-05 9.165912530060424e-08
2.0503e-08 8.7426e-05 9.382768832505313e-08
2.1161e-08 8.9475e-05 9.602014736079072e-08
2.1836e-08 9.1555e-05 9.825442441628352e-08
2.2526e-08 9.3668e-05 1.0052454548870934e-07
2.3233e-08 9.5813e-05 1.0282453657524605e-07
2.3956e-08 9.799e-05 1.051603716787158e-07
2.4696e-08 0.0001002 1.0753205079911859e-07
2.5453e-08 0.00010245 1.099395739364544e-07
2.6227e-08 0.00010472 1.1238294109072327e-07
2.7019e-08 0.00010703 1.1486215226192516e-07
2.7828e-08 0.00010938 1.173772074500601e-07
2.8656e-08 0.00011176 1.1993408065795025e-07
2.9501e-08 0.00011417 1.2252082387995128e-07
3.0366e-08 0.00011662 1.2514938512170752e-07
3.1249e-08 0.00011911 1.278137903803968e-07
3.2152e-08 0.00012163 1.3052001365884126e-07
3.3074e-08 0.00012418 1.3326208095421876e-07
3.4015e-08 0.00012677 1.3603999226652936e-07
3.4977e-08 0.0001294 1.3885972159859512e-07
3.5958e-08 0.00013206 1.4171529494759395e-07
3.6961e-08 0.00013476 1.4461268631634798e-07
3.7984e-08 0.0001375 1.4754592170203504e-07
3.9028e-08 0.00014027 1.5052097510747733e-07
4.0093e-08 0.00014308 1.5353784653267483e-07
4.1181e-08 0.00014593 1.5659056197480535e-07
4.229e-08 0.00014882 1.5969106943951326e-07
4.3421e-08 0.00015174 1.6282742092115423e-07
4.4575e-08 0.00015471 1.6600559042255039e-07
4.5752e-08 0.00015771 1.6922557794370178e-07
4.6952e-08 0.00016075 1.7248738348460837e-07
4.8175e-08 0.00016383 1.7578503304244802e-07
4.9423e-08 0.00016694 1.7913047462286506e-07
5.0694e-08 0.0001701 1.8251773422303726e-07
5.1989e-08 0.0001733 1.859527858457869e-07
5.331e-08 0.00017654 1.8942368148546955e-07
5.4655e-08 0.00018562 1.9916728008843411e-07
5.6026e-08 0.00018905 2.0284129182407068e-07
5.7422e-08 0.00019251 2.0656309558228462e-07
5.8844e-08 0.00019602 2.103267173602538e-07
6.0292e-08 0.00019958 2.141381311608003e-07
6.1767e-08 0.00020317 2.1799733698392424e-07
6.3269e-08 0.00020681 2.2189836082680337e-07
6.4798e-08 0.0002105 2.2584717669225988e-07
6.6355e-08 0.00021422 2.2984378458029382e-07
6.794e-08 0.00021799 2.3388818449090508e-07
6.9552e-08 0.00022181 2.3798037642409376e-07
7.1194e-08 0.00022567 2.4212036037985985e-07
7.2864e-08 0.00022957 2.463081363582033e-07
7.4563e-08 0.00023352 2.505437043591241e-07
7.6292e-08 0.00023752 2.5483303838544453e-07
7.8051e-08 0.00024156 2.5916419043152015e-07
7.984e-08 0.00024564 2.6354910850299526e-07
8.166e-08 0.00024978 2.679758445942257e-07
8.351e-08 0.00025395 2.724623207136778e-07
8.5392e-08 0.00025818 2.769906148528851e-07
8.7305e-08 0.00026245 2.8157267501749204e-07
8.9251e-08 0.00026677 2.862025272046763e-07
9.1229e-08 0.00027114 2.908861454172601e-07
9.3239e-08 0.00027555 2.956235296552435e-07
9.5283e-08 0.00028001 3.004087059158043e-07
9.736e-08 0.00028452 3.0524764820176457e-07
9.947e-08 0.00028908 3.1013438251030236e-07
1.0162e-07 0.00029369 3.1507488284423965e-07
1.0379e-07 0.00029835 3.200691492035764e-07
1.0601e-07 0.00030305 3.2511718158831285e-07
1.0826e-07 0.00030781 3.3021300599562665e-07
1.1054e-07 0.00031261 3.3536857043116213e-07
1.1286e-07 0.00031747 3.4057192688927505e-07
1.1522e-07 0.00032237 3.458350233756097e-07
1.1762e-07 0.00032733 3.5114591188452173e-07
1.2005e-07 0.00033233 3.5651654042165545e-07
1.2252e-07 0.00033739 3.6194093498418883e-07
1.2502e-07 0.0003425 3.674190955721216e-07
1.2757e-07 0.00034766 3.729510221854541e-07
1.3015e-07 0.00035287 3.7854268882700825e-07
1.3277e-07 0.00035813 3.84188121493962e-07
1.3544e-07 0.00036345 3.898873201863153e-07
1.3814e-07 0.00036882 3.956462589068903e-07
1.4088e-07 0.00037424 4.014589636528649e-07
1.4366e-07 0.00037972 4.073314084270612e-07
1.4649e-07 0.00038525 4.1325761922665704e-07
1.4935e-07 0.00039083 4.192435700544746e-07
1.5226e-07 0.00039646 4.2528926091051397e-07
1.5521e-07 0.00040215 4.313887177919529e-07
1.582e-07 0.0004079 4.3754791470161354e-07
1.6123e-07 0.0004137 4.4376685163949587e-07
1.6431e-07 0.00041955 4.500455286056e-07
1.6743e-07 0.00042546 4.563779715971036e-07
1.706e-07 0.00043143 4.6277612861965114e-07
1.7381e-07 0.00043745 4.6923402567042045e-07
1.7707e-07 0.00044352 4.757456887465893e-07
1.8037e-07 0.00044966 4.823230658538021e-07
1.8372e-07 0.00045585 4.889601829892365e-07
1.8711e-07 0.00046209 4.956570401528927e-07
1.9055e-07 0.0004684 5.024136373447708e-07
1.9404e-07 0.00047476 5.092359485676926e-07
1.9758e-07 0.00048117 5.161179998188362e-07
2.0116e-07 0.00048765 5.230597910982015e-07
2.0479e-07 0.00049419 5.300672964086107e-07
2.0848e-07 0.00050078 5.371345417472417e-07
2.1221e-07 0.00050743 5.442675011169165e-07
2.1599e-07 0.00051414 5.514602005148132e-07
2.1982e-07 0.00052091 5.587186139437535e-07
2.237e-07 0.00052774 5.660367674009159e-07
2.2763e-07 0.00053462 5.73420634889122e-07
2.3162e-07 0.00054157 5.808702164083721e-07
2.3566e-07 0.00054858 5.883855119586661e-07
2.3975e-07 0.00055565 5.959665215400039e-07
2.4389e-07 0.00056278 6.036132451523857e-07
2.4808e-07 0.00056997 6.113197087929892e-07
2.5233e-07 0.00057722 6.190859124618144e-07
2.5664e-07 0.00058453 6.269118561588613e-07
2.61e-07 0.00059191 6.348572799123518e-07
2.6541e-07 0.00059935 6.428027036658422e-07
2.6988e-07 0.00060685 6.508676074757761e-07
2.7441e-07 0.00064605 6.928648473156541e-07
2.7899e-07 0.00065407 7.014674113795835e-07
2.8363e-07 0.00066215 7.101297154717348e-07
2.8833e-07 0.0006703 7.188517595921077e-07
2.9308e-07 0.00067852 7.27693283768924e-07
2.979e-07 0.0006868 7.365945479739623e-07
3.0277e-07 0.00069515 7.454958121790003e-07
3.077e-07 0.00070357 7.545165564404821e-07
3.127e-07 0.00071206 7.636567807584072e-07
3.1775e-07 0.00072061 7.727970050763323e-07
3.2287e-07 0.00072924 7.820567094507008e-07
3.2804e-07 0.00073793 7.91376153853291e-07
3.3328e-07 0.00074669 8.007553382841031e-07
3.3858e-07 0.00075552 8.102540027713585e-07
3.4394e-07 0.00076442 8.197526672586139e-07
3.4937e-07 0.00077339 8.293708118023129e-07
3.5486e-07 0.00078243 8.390486963742336e-07
3.6042e-07 0.00079154 8.488460610025977e-07
3.6604e-07 0.00080072 8.587031656591836e-07
3.7172e-07 0.00080998 8.686200103439912e-07
3.7748e-07 0.0008193 8.785965950570205e-07
3.8329e-07 0.00082869 8.886329197982716e-07
3.8918e-07 0.00083816 8.987887245959661e-07
3.9513e-07 0.0008477 9.090042694218825e-07
4.0115e-07 0.00085731 9.193392943042421e-07
4.0724e-07 0.00086699 9.297340592148236e-07
4.134e-07 0.00087675 9.401885641536267e-07
4.1963e-07 0.00088658 9.507028091206518e-07
4.2593e-07 0.00089648 9.6133653414412e-07
4.323e-07 0.00090646 9.720299991958101e-07
4.3874e-07 0.00091651 9.827832042757221e-07
4.4525e-07 0.00092664 9.936558894120774e-07
4.5183e-07 0.00093684 1.0045883145766544e-06
4.5849e-07 0.00094711 1.0155804797694533e-06
4.6522e-07 0.00095746 1.0266921250186955e-06
4.7202e-07 0.00096789 1.0378635102961594e-06
4.789e-07 0.00097839 1.049094635601845e-06
4.8585e-07 0.00098896 1.0604452409639744e-06
4.9288e-07 0.00099962 1.0718555863543252e-06
4.9999e-07 0.0010103 1.083325671772898e-06
5.0717e-07 0.0010212 1.0949152372479143e-06
5.1443e-07 0.001032 1.1066242827793736e-06
5.2176e-07 0.001043 1.1183333283108333e-06
5.2918e-07 0.001054 1.1301618538987363e-06
5.3667e-07 0.0010651 1.142109859543083e-06
5.4424e-07 0.0010763 1.1540578651874292e-06
5.5189e-07 0.0010876 1.166185090916441e-06
5.5962e-07 0.001099 1.1783123166454529e-06
5.6744e-07 0.0011104 1.190559022430908e-06
5.7533e-07 0.0011219 1.2029252082728064e-06
5.8331e-07 0.0011335 1.2153511341429269e-06
5.9137e-07 0.0011452 1.227836800041269e-06
5.9951e-07 0.0011569 1.2404419459960547e-06
6.0774e-07 0.0011687 1.253106831979062e-06
6.1605e-07 0.0011806 1.2658314579902909e-06
6.2444e-07 0.0011926 1.278735304086185e-06
6.3293e-07 0.0012047 1.2916391501820795e-06
6.4149e-07 0.0012169 1.304662476334417e-06
6.5015e-07 0.0012291 1.3178052825431982e-06
6.5889e-07 0.0012414 1.3309480887519793e-06
6.6772e-07 0.0012538 1.3442701150454256e-06
6.7664e-07 0.0012663 1.3576518813670939e-06
6.8564e-07 0.0013207 1.415898408883283e-06
6.9474e-07 0.0013337 1.4298775754871684e-06
7.0393e-07 0.0013469 1.4439762221474972e-06
7.132e-07 0.0013601 1.4581943488642695e-06
7.2257e-07 0.0013734 1.4724722156092636e-06
7.3203e-07 0.0013868 1.4868098223824796e-06
7.4159e-07 0.0014003 1.5012669092121388e-06
7.5123e-07 0.0014139 1.5158434760982417e-06
7.6097e-07 0.0014276 1.5304797830125662e-06
7.7081e-07 0.0014413 1.5451758299551124e-06
7.8074e-07 0.0014552 1.5600510969823238e-06
7.9076e-07 0.0014691 1.5749861040377567e-06
8.0088e-07 0.0014831 1.5899808511214117e-06
8.111e-07 0.0014972 1.60509507826151e-06
8.2142e-07 0.0015114 1.6203287854580518e-06
8.3183e-07 0.0015257 1.6356222326828153e-06
8.4234e-07 0.0015401 1.6510351599640223e-06
8.5296e-07 0.0015546 1.6665675673016727e-06
8.6367e-07 0.0015692 1.682159714667545e-06
8.7448e-07 0.0015838 1.6978713420898606e-06
8.854e-07 0.0015986 1.7136427095403981e-06
8.9641e-07 0.0016134 1.729533557047379e-06
9.0753e-07 0.0016283 1.7455438846108033e-06
9.1875e-07 0.0016433 1.7616139522024493e-06
9.3008e-07 0.0016584 1.7778034998505389e-06
9.415e-07 0.0016736 1.7941125275550716e-06
9.5304e-07 0.0016889 1.8104812952878265e-06
9.6468e-07 0.0017043 1.8269695430770247e-06
9.7643e-07 0.0017198 1.8435772709226662e-06
9.8828e-07 0.0017354 1.8602447387965295e-06
1.0002e-06 0.0017511 1.8770316867268366e-06
1.0123e-06 0.0017668 1.893938114713587e-06
1.0245e-06 0.0017827 1.910964022756781e-06
1.0368e-06 0.0017986 1.928049670828196e-06
1.0492e-06 0.0018147 1.9451950589278332e-06
1.0617e-06 0.0018308 1.962519667112136e-06
1.0743e-06 0.0018471 1.9799040153246603e-06
1.087e-06 0.0018634 1.9974078435936277e-06
1.0999e-06 0.0018799 2.0150311519190386e-06
1.1128e-06 0.0018964 2.0327142002726716e-06
1.1259e-06 0.001913 2.0505764687109695e-06
1.1391e-06 0.0019297 2.0684387371492677e-06
1.1524e-06 0.0019466 2.086480225672231e-06
1.1658e-06 0.0019635 2.104581454223416e-06
1.1794e-06 0.0019805 2.122861902859266e-06
1.193e-06 0.0019976 2.1412020915233376e-06
1.2068e-06 0.0020148 2.1596020202156315e-06
1.2207e-06 0.0020321 2.17818116899259e-06
1.2347e-06 0.0020496 2.196820057797771e-06
1.2488e-06 0.0020671 2.2155784266593947e-06
1.2631e-06 0.0020847 2.234456275577462e-06
1.2774e-06 0.0021024 2.2533938645237515e-06
1.2919e-06 0.0021202 2.272510673554706e-06
1.3066e-06 0.0021381 2.291687222613882e-06
1.3213e-06 0.0021561 2.3109832517295015e-06
1.3362e-06 0.0021742 2.330398760901565e-06
1.3512e-06 0.0021924 2.3498740101018495e-06
1.3663e-06 0.0022108 2.3695284793867997e-06
1.3815e-06 0.0022292 2.3892426886999717e-06
1.3969e-06 0.0022477 2.4090763780695867e-06
1.4124e-06 0.0022663 2.4290295474956457e-06
1.428e-06 0.0022851 2.449102196978147e-06
1.4438e-06 0.0023039 2.4692345864888713e-06
1.4597e-06 0.0023228 2.48954619608426e-06
1.4757e-06 0.0023419 2.509917545707871e-06
1.4918e-06 0.002361 2.530408375387925e-06
1.5081e-06 0.0023802 2.551018685124423e-06
1.5245e-06 0.0023996 2.5717484749173644e-06
1.5411e-06 0.002419 2.592597744766749e-06
1.5578e-06 0.0024386 2.6135664946725773e-06
1.5746e-06 0.0024583 2.634594984606627e-06
1.5915e-06 0.002478 2.6558026946253423e-06
1.6086e-06 0.0024979 2.677070144672279e-06
1.6258e-06 0.0025179 2.698457074775659e-06
1.6432e-06 0.002538 2.719963484935483e-06
1.6607e-06 0.0025582 2.74158937515175e-06
1.6784e-06 0.0025785 2.7633347454244605e-06
1.6961e-06 0.0025989 2.785199595753615e-06
1.7141e-06 0.0026194 2.8071839261392123e-06
1.7321e-06 0.00264 2.8292877365812532e-06
1.7503e-06 0.0026608 2.851511027079738e-06
1.7687e-06 0.0026816 2.873794057606444e-06
1.7872e-06 0.0027026 2.896256308217816e-06
1.8058e-06 0.0027236 2.9187782988574084e-06
1.8246e-06 0.0027448 2.941479509581667e-06
1.8435e-06 0.0027661 2.964240460334147e-06
1.8626e-06 0.0027875 2.987180631171292e-06
1.8819e-06 0.002809 3.0101805420366595e-06
1.9012e-06 0.0028306 3.033359672986692e-06
1.9208e-06 0.0028523 3.056598543964946e-06
1.9404e-06 0.0028741 3.079956894999643e-06
1.9603e-06 0.0028961 3.1034944661190056e-06
1.9802e-06 0.0029181 3.12709177726659e-06
2.0004e-06 0.0029403 3.1508683084988393e-06
2.0206e-06 0.0029626 3.174704579759311e-06
2.0411e-06 0.002985 3.1986603310762255e-06
2.0617e-06 0.0030075 3.2227953024778053e-06
2.0824e-06 0.0030301 3.2469900139076073e-06
2.1033e-06 0.0030528 3.2713639454220745e-06
2.1244e-06 0.0030757 3.295797616964763e-06
2.1456e-06 0.0030986 3.3204105085921167e-06
2.167e-06 0.0031217 3.345083140247692e-06
2.1885e-06 0.0031449 3.3699349919879327e-06
2.2102e-06 0.0031682 3.394846583756395e-06
2.2321e-06 0.0031916 3.419937395609523e-06
2.2541e-06 0.0032151 3.445147687519094e-06
2.2763e-06 0.0032388 3.4704774594851086e-06
2.2986e-06 0.0032626 3.4959267115075666e-06
2.3211e-06 0.0032864 3.521495443586468e-06
2.3438e-06 0.0033104 3.547183655721813e-06
2.3666e-06 0.0033345 3.5729913479136017e-06
2.3896e-06 0.0033588 3.598918520161834e-06
2.4128e-06 0.0033831 3.625024912494731e-06
2.4361e-06 0.0034076 3.6511910448558497e-06
2.4596e-06 0.0034322 3.6775363973016337e-06
2.4833e-06 0.0034569 3.704001229803861e-06
2.5072e-06 0.0034817 3.730585542362532e-06
2.5312e-06 0.0035066 3.757229594949425e-06
2.5554e-06 0.0035317 3.7841126076492046e-06
2.5797e-06 0.0035569 3.811055360377206e-06
2.6043e-06 0.0035822 3.838117593161651e-06
2.629e-06 0.0036076 3.865359046030761e-06
2.6539e-06 0.0036331 3.892660238928092e-06
2.679e-06 0.0036588 3.92014065191009e-06
2.7042e-06 0.0036846 3.94774054494853e-06
2.7296e-06 0.0037105 3.975459918043414e-06
2.7552e-06 0.0037365 4.003358511222963e-06
2.781e-06 0.0037626 4.0313168444307336e-06
2.807e-06 0.0037889 4.05945439772317e-06
2.8331e-06 0.0038153 4.08771143107205e-06
2.8594e-06 0.0038418 4.116087944477372e-06
2.8859e-06 0.0038684 4.144583937939139e-06
2.9126e-06 0.0038952 4.17325915148557e-06
2.9395e-06 0.003922 4.201994105060223e-06
2.9666e-06 0.003949 4.230908278719542e-06
2.9938e-06 0.0039762 4.259941932435304e-06
3.0212e-06 0.0040034 4.289154806235731e-06
3.0489e-06 0.0040308 4.31842742006438e-06
3.0767e-06 0.0040583 4.347879253977695e-06
3.1047e-06 0.0040859 4.377450567947452e-06
3.1329e-06 0.0041137 4.407141361973653e-06
3.1613e-06 0.0041415 4.437011376084519e-06
3.1898e-06 0.0041695 4.466941130223608e-06
3.2186e-06 0.0041977 4.497050104447361e-06
3.2476e-06 0.0042259 4.527338298755779e-06
3.2767e-06 0.0042543 4.557686233092419e-06
3.3061e-06 0.0042828 4.5882133875137246e-06
3.3356e-06 0.0043114 4.618860021991474e-06
3.3654e-06 0.0043402 4.649685876553887e-06
3.3953e-06 0.0043691 4.6805714711445225e-06
3.4255e-06 0.0043981 4.711636285819825e-06
3.4558e-06 0.0044273 4.742820580551569e-06
3.4864e-06 0.0044565 4.774184095367978e-06
3.5171e-06 0.0044859 4.805667090240831e-06
3.5481e-06 0.0045155 4.837269565170129e-06
3.5792e-06 0.0045451 4.868991520155868e-06
3.6106e-06 0.0045749 4.900892695226272e-06
3.6422e-06 0.0046048 4.932913350353122e-06
3.6739e-06 0.0046349 4.965113225564634e-06
3.7059e-06 0.0046651 4.997432580832592e-06
3.7381e-06 0.0046954 5.029871416156994e-06
3.7705e-06 0.0047258 5.0624297315378375e-06
3.8031e-06 0.0047564 5.095167267003347e-06
3.8359e-06 0.0047871 5.1280840225535216e-06
3.869e-06 0.004818 5.161060518131918e-06
3.9022e-06 0.0048489 5.19421623379498e-06
3.9357e-06 0.0048801 5.227491429514484e-06
3.9693e-06 0.0049113 5.2609458453186556e-06
4.0032e-06 0.0049427 5.294519741179269e-06
4.0373e-06 0.0049742 5.328272857124547e-06
4.0717e-06 0.0050058 5.36214545312627e-06
4.1062e-06 0.0050376 5.3961375291844355e-06
4.141e-06 0.0050695 5.430249085299045e-06
4.1759e-06 0.0052836 5.659411833557611e-06
4.2111e-06 0.0053169 5.695136370434207e-06
4.2466e-06 0.0053504 5.730920647339025e-06
4.2822e-06 0.005384 5.766884144328507e-06
4.3181e-06 0.0054178 5.803026861402656e-06
4.3542e-06 0.0054516 5.839289058533247e-06
4.3905e-06 0.0054857 5.875730475748504e-06
4.4271e-06 0.0055198 5.912291373020205e-06
4.4638e-06 0.0055542 5.948971750348349e-06
4.5008e-06 0.0055886 5.985950827817601e-06
4.5381e-06 0.0056232 6.022989645315075e-06
4.5755e-06 0.0056579 6.060028462812549e-06
4.6132e-06 0.0056928 6.097664680592241e-06
4.6512e-06 0.0057279 6.134703498089715e-06
4.6893e-06 0.005763 6.172339715869406e-06
4.7277e-06 0.0057983 6.210573333931315e-06
4.7664e-06 0.0058338 6.248209551711007e-06
4.8052e-06 0.0058694 6.286443169772916e-06
4.8443e-06 0.0059052 6.324676787834825e-06
4.8837e-06 0.005941 6.3629104058967335e-06
4.9233e-06 0.0059771 6.401741424240859e-06
4.9631e-06 0.0060133 6.440572442584986e-06
5.0032e-06 0.0060496 6.479403460929112e-06
5.0435e-06 0.0060861 6.518234479273238e-06
5.084e-06 0.0061227 6.5576628978995815e-06
5.1248e-06 0.0061595 6.596493916243708e-06
5.1659e-06 0.0061964 6.636519735152269e-06
5.2071e-06 0.0062335 6.675948153778612e-06
5.2487e-06 0.0062707 6.715973972687172e-06
5.2904e-06 0.006308 6.7559997915957335e-06
5.3325e-06 0.0063455 6.796025610504295e-06
5.3748e-06 0.0063832 6.836051429412855e-06
5.4173e-06 0.006421 6.876674648603633e-06
5.4601e-06 0.006459 6.917297867794412e-06
5.5031e-06 0.0064971 6.9579210869851895e-06
5.5464e-06 0.0065353 6.999141706458185e-06
5.5899e-06 0.0065737 7.039764925648962e-06
5.6337e-06 0.0066123 7.081582945404176e-06
5.6778e-06 0.006651 7.122803564877171e-06
5.7221e-06 0.0066898 7.164024184350167e-06
5.7667e-06 0.0067288 7.205842204105379e-06
5.8115e-06 0.006768 7.2476602238605926e-06
5.8566e-06 0.0068073 7.290075643898022e-06
5.902e-06 0.0068468 7.332491063935452e-06
5.9476e-06 0.0068864 7.374906483972883e-06
5.9935e-06 0.0069262 7.417321904010313e-06
6.0396e-06 0.0069661 7.459737324047742e-06
6.086e-06 0.0070062 7.50275014436739e-06
6.1327e-06 0.0070464 7.5457629646870375e-06
6.1797e-06 0.0070868 7.5887757850066854e-06
6.2269e-06 0.0071273 7.63238600560855e-06
6.2744e-06 0.007168 7.675996226210414e-06
6.3221e-06 0.0072089 7.71960644681228e-06
6.3702e-06 0.0072499 7.76381406769636e-06
6.4185e-06 0.007291 7.807424288298226e-06
6.467e-06 0.0073323 7.851631909182309e-06
6.5159e-06 0.0073738 7.89583953006639e-06
6.565e-06 0.0074154 7.94064455123269e-06
6.6144e-06 0.0074572 7.98544957239899e-06
6.6641e-06 0.0074992 8.030254593565288e-06
6.7141e-06 0.0075413 8.075059614731588e-06
6.7643e-06 0.0075835 8.120462036180105e-06
6.8148e-06 0.0076259 8.16586445762862e-06
6.8657e-06 0.0076685 8.211266879077138e-06
6.9168e-06 0.0077112 8.257266700807873e-06
6.9681e-06 0.0077541 8.303266522538607e-06
7.0198e-06 0.0077972 8.34926634426934e-06
7.0717e-06 0.0078404 8.395266166000075e-06
7.124e-06 0.0078837 8.441863388013027e-06
7.1765e-06 0.0079273 8.488460610025977e-06
7.2293e-06 0.0079709 8.535057832038929e-06
7.2824e-06 0.0080148 8.581655054051881e-06
7.3358e-06 0.0080588 8.62884967634705e-06
7.3895e-06 0.008103 8.676044298642218e-06
7.4435e-06 0.0081473 8.723836321219604e-06
7.4978e-06 0.0081918 8.771030943514772e-06
7.5524e-06 0.0082364 8.818822966092157e-06
7.6072e-06 0.0082812 8.866614988669545e-06
7.6624e-06 0.0083262 8.915004411529148e-06
7.7179e-06 0.0083714 8.963393834388752e-06
7.7737e-06 0.0084167 9.011783257248356e-06
7.8297e-06 0.0084621 9.060172680107958e-06
7.8861e-06 0.0085078 9.109159503249779e-06
7.9428e-06 0.0085536 9.1581463263916e-06
7.9998e-06 0.0085995 9.20713314953342e-06
8.0571e-06 0.0086456 9.256717372957457e-06
8.1147e-06 0.0086919 9.306301596381496e-06
8.1726e-06 0.0087384 9.355885819805534e-06
8.2308e-06 0.008785 9.406067443511789e-06
8.2894e-06 0.0088318 9.455651666935825e-06
8.3482e-06 0.0088787 9.505833290642081e-06
8.4074e-06 0.0089259 9.556612314630556e-06
8.4668e-06 0.0089731 9.60679393833681e-06
8.5266e-06 0.0090206 9.657572962325284e-06
8.5867e-06 0.0090682 9.708949386595971e-06
8.6471e-06 0.009116 9.759728410584445e-06
8.7079e-06 0.009164 9.811104834855133e-06
8.7689e-06 0.0092121 9.862481259125826e-06
8.8303e-06 0.0092604 9.914455083678732e-06
8.892e-06 0.0093088 9.965831507949421e-06
8.954e-06 0.0093575 1.0017805332502329e-05
9.0163e-06 0.0094063 1.0070376557337454e-05
9.079e-06 0.0094552 1.0122350381890362e-05
9.142e-06 0.0095044 1.0174921606725486e-05
9.2053e-06 0.0095537 1.0228090231842827e-05
9.269e-06 0.0096031 1.0280661456677952e-05
9.333e-06 0.0096528 1.0333830081795295e-05
9.3973e-06 0.0097026 1.0386998706912637e-05
9.4619e-06 0.0097526 1.0440764732312197e-05
9.5269e-06 0.0098028 1.0494530757711757e-05
9.5922e-06 0.0098531 1.0548296783111316e-05
9.6578e-06 0.0099036 1.0602062808510876e-05
9.7238e-06 0.0099543 1.0656426234192651e-05
9.7901e-06 0.010005 1.0710789659874428e-05
9.8568e-06 0.010056 1.0765153085556204e-05
9.9238e-06 0.010107 1.0820113911520199e-05
9.9911e-06 0.010159 1.0875074737484193e-05
1.0059e-05 0.01021 1.0930035563448186e-05
1.0127e-05 0.010262 1.0985593789694396e-05
1.0195e-05 0.010314 1.104115201594061e-05
1.0264e-05 0.010366 1.109671024218682e-05
1.0333e-05 0.010418 1.1152865868715248e-05
1.0402e-05 0.010471 1.120842409496146e-05
1.0472e-05 0.010523 1.1265177121772105e-05
1.0542e-05 0.010576 1.1321332748300534e-05
1.0613e-05 0.010629 1.137808577511118e-05
1.0683e-05 0.010682 1.1434838801921826e-05
1.0755e-05 0.010735 1.1491591828732472e-05
1.0826e-05 0.010789 1.1548942255825336e-05
1.0898e-05 0.010843 1.1606292682918199e-05
1.097e-05 0.010896 1.1663643110011063e-05
1.1043e-05 0.01095 1.1721590937386144e-05
1.1116e-05 0.011005 1.1779538764761223e-05
1.1189e-05 0.011059 1.1837486592136305e-05
1.1263e-05 0.011114 1.1896031819793602e-05
1.1337e-05 0.011168 1.19545770474509e-05
1.1411e-05 0.011223 1.2013122275108197e-05
1.1486e-05 0.011278 1.2072264903047713e-05
1.1561e-05 0.011334 1.2131407530987227e-05
1.1637e-05 0.011389 1.2190550158926743e-05
1.1713e-05 0.011445 1.2250290187148475e-05
1.1789e-05 0.0115 1.2310030215370208e-05
1.1865e-05 0.011556 1.2369770243591942e-05
1.1942e-05 0.011613 1.2429510271813673e-05
1.202e-05 0.011669 1.2489847700317624e-05
1.2097e-05 0.011725 1.2550185128821573e-05
1.2176e-05 0.011782 1.2611119957607739e-05
1.2254e-05 0.011839 1.2672054786393909e-05
1.2333e-05 0.011896 1.2732989615180075e-05
1.2412e-05 0.011953 1.2794521844248459e-05
1.2492e-05 0.012011 1.2855456673034627e-05
1.2572e-05 0.012069 1.2917586302385227e-05
1.2652e-05 0.012126 1.2979118531453613e-05
1.2733e-05 0.012184 1.3041248160804214e-05
1.2814e-05 0.012243 1.3103377790154816e-05
1.2896e-05 0.012301 1.3166104819787635e-05
1.2978e-05 0.01236 1.3228234449138237e-05
1.306e-05 0.012418 1.3290961478771057e-05
1.3143e-05 0.012477 1.3354285908686093e-05
1.3226e-05 0.012536 1.341761033860113e-05
1.3309e-05 0.012596 1.3480934768516167e-05
1.3393e-05 0.012655 1.3544259198431201e-05
1.3478e-05 0.012715 1.3608181028628458e-05
1.3562e-05 0.012775 1.367210285882571e-05
1.3647e-05 0.012835 1.3736622089305182e-05
1.3733e-05 0.012895 1.3801141319784651e-05
1.3819e-05 0.012955 1.3865660550264123e-05
1.3905e-05 0.013016 1.3930179780743595e-05
1.3992e-05 0.013077 1.3995296411505284e-05
1.4079e-05 0.013138 1.4060413042266972e-05
1.4166e-05 0.013199 1.4126127073310877e-05
1.4254e-05 0.013261 1.4191841104354783e-05
1.4343e-05 0.013322 1.425755513539869e-05
1.4431e-05 0.013384 1.4323269166442595e-05
1.452e-05 0.013446 1.4389580597768719e-05
1.461e-05 0.013508 1.4456489429377058e-05
1.47e-05 0.01357 1.4522800860703182e-05
1.479e-05 0.013633 1.4589709692311522e-05
1.4881e-05 0.013696 1.4656618523919863e-05
1.4972e-05 0.013758 1.472412475581042e-05
1.5064e-05 0.013822 1.4791630987700979e-05
1.5156e-05 0.013885 1.4859137219591536e-05
1.5249e-05 0.013948 1.492724085176431e-05
1.5342e-05 0.014012 1.4995344483937086e-05
1.5435e-05 0.014076 1.5063448116109862e-05
1.5529e-05 0.014693 1.572297802767779e-05
1.5623e-05 0.01476 1.5794666061543866e-05
1.5717e-05 0.014827 1.5866354095409946e-05
1.5812e-05 0.014894 1.5938042129276026e-05
1.5908e-05 0.014962 1.6010327563424323e-05
1.6004e-05 0.015029 1.6082612997572617e-05
1.61e-05 0.015097 1.6154898431720914e-05
1.6197e-05 0.015165 1.622718386586921e-05
1.6294e-05 0.015233 1.6300664100581943e-05
1.6392e-05 0.015302 1.6373546935012458e-05
1.649e-05 0.01537 1.6447027169725186e-05
1.6588e-05 0.015439 1.652050740443792e-05
1.6687e-05 0.015508 1.6593987639150647e-05
1.6787e-05 0.015577 1.6668065274145596e-05
1.6887e-05 0.015647 1.6742142909140546e-05
1.6987e-05 0.015716 1.6816817944417712e-05
1.7088e-05 0.015786 1.6891492979694875e-05
1.7189e-05 0.015856 1.6966168014972042e-05
1.729e-05 0.015927 1.7041440450531426e-05
1.7393e-05 0.015997 1.7116712886090806e-05
1.7495e-05 0.016068 1.719258272193241e-05
1.7598e-05 0.016139 1.726845255777401e-05
1.7701e-05 0.01621 1.734432239361561e-05
1.7805e-05 0.016281 1.7420192229457208e-05
1.791e-05 0.016352 1.7496659465581027e-05
1.8015e-05 0.016424 1.7573724101987063e-05
1.812e-05 0.016496 1.765019133811088e-05
1.8226e-05 0.016568 1.7727255974516917e-05
1.8332e-05 0.016641 1.780491801120517e-05
1.8438e-05 0.016713 1.7882580047893417e-05
1.8546e-05 0.016786 1.796024208458167e-05
1.8653e-05 0.016859 1.8037904121269924e-05
1.8761e-05 0.016932 1.8116163558240394e-05
1.887e-05 0.017006 1.819502039549308e-05
1.8979e-05 0.017079 1.827327983246355e-05
1.9088e-05 0.017153 1.8352734069998455e-05
1.9198e-05 0.017227 1.8431590907251143e-05
1.9309e-05 0.017301 1.8511045144786048e-05
1.9419e-05 0.017376 1.859049938232095e-05
1.9531e-05 0.017451 1.8670551020138073e-05
1.9643e-05 0.017525 1.8750602657955192e-05
1.9755e-05 0.017601 1.8830654295772318e-05
1.9868e-05 0.017676 1.891130333387165e-05
1.9981e-05 0.017751 1.899195237197099e-05
2.0095e-05 0.017827 1.9073198810352548e-05
2.0209e-05 0.017903 1.9153847848451885e-05
2.0324e-05 0.017979 1.9235691687115663e-05
2.0439e-05 0.018056 1.9316938125497217e-05
2.0555e-05 0.018132 1.939937936444321e-05
2.0671e-05 0.018209 1.9481223203106983e-05
2.0788e-05 0.018286 1.9563664442052972e-05
2.0905e-05 0.018364 1.9646105680998967e-05
2.1023e-05 0.018441 1.9729144320227173e-05
2.1141e-05 0.018519 1.981218295945538e-05
2.1259e-05 0.018597 1.9895221598683588e-05
2.1379e-05 0.018675 1.9978857638194015e-05
2.1498e-05 0.018753 2.006249367770444e-05
2.1618e-05 0.018832 2.014672711749708e-05
2.1739e-05 0.018911 2.0230960557289726e-05
2.186e-05 0.01899 2.031519399708237e-05
2.1982e-05 0.019069 2.040002483715723e-05
2.2104e-05 0.019148 2.048485567723209e-05
2.2227e-05 0.019228 2.056968651730695e-05
2.235e-05 0.019308 2.0655114757664025e-05
2.2474e-05 0.019388 2.0741140398303325e-05
2.2598e-05 0.019469 2.08265686386604e-05
2.2723e-05 0.019549 2.091319167958191e-05
2.2848e-05 0.01963 2.0999217320221206e-05
2.2974e-05 0.019711 2.1085840361142716e-05
2.31e-05 0.019792 2.1172463402064232e-05
2.3227e-05 0.019874 2.125968384326796e-05
2.3355e-05 0.019955 2.134690428447169e-05
2.3482e-05 0.020037 2.1434722125957638e-05
2.3611e-05 0.020119 2.1522539967443586e-05
2.374e-05 0.020202 2.161035780892953e-05
2.3869e-05 0.020284 2.1698773050697696e-05
2.3999e-05 0.020367 2.1787188292465858e-05
2.413e-05 0.02045 2.1875603534234023e-05
2.4261e-05 0.020534 2.1964616176284402e-05
2.4392e-05 0.020617 2.2054226218617002e-05
2.4524e-05 0.020701 2.2143238860667385e-05
2.4657e-05 0.020785 2.2232848902999985e-05
2.479e-05 0.020869 2.2323056345614802e-05
2.4924e-05 0.020953 2.2413263788229616e-05
2.5058e-05 0.021038 2.2503471230844433e-05
2.5193e-05 0.021123 2.2594276073741468e-05
2.5329e-05 0.021208 2.26850809166385e-05
2.5464e-05 0.021293 2.277648315981775e-05
2.5601e-05 0.021379 2.2867885402997e-05
2.5738e-05 0.021464 2.295928764617625e-05
2.5875e-05 0.02155 2.3051287289637717e-05
2.6013e-05 0.021637 2.314328693309919e-05
2.6152e-05 0.021723 2.3235883976842873e-05
2.6291e-05 0.02181 2.3328481020586556e-05
2.6431e-05 0.021897 2.3421078064330243e-05
2.6571e-05 0.021984 2.351427250835615e-05
2.6712e-05 0.022071 2.3607466952382048e-05
2.6854e-05 0.022159 2.370125879669017e-05
2.6996e-05 0.022247 2.379505064099829e-05
2.7138e-05 0.022335 2.388943988558863e-05
2.7281e-05 0.022423 2.3983829130178967e-05
2.7425e-05 0.022512 2.4078218374769303e-05
2.7569e-05 0.0226 2.417320501964186e-05
2.7714e-05 0.022689 2.426819166451441e-05
2.7859e-05 0.022779 2.4363178309386967e-05
2.8005e-05 0.022868 2.445876235454174e-05
2.8152e-05 0.022958 2.4554943799978727e-05
2.8299e-05 0.023048 2.4651125245415718e-05
2.8447e-05 0.023138 2.4747306690852705e-05
2.8595e-05 0.023228 2.4844085536571913e-05
2.8744e-05 0.023319 2.494086438229112e-05
2.8893e-05 0.02341 2.5037643228010326e-05
2.9043e-05 0.023501 2.513501947401175e-05
2.9194e-05 0.023593 2.523299312029539e-05
2.9345e-05 0.023684 2.5330369366296815e-05
2.9497e-05 0.023776 2.5428940412862675e-05
2.9649e-05 0.023868 2.5526914059146318e-05
2.9802e-05 0.02396 2.5625485105712174e-05
2.9956e-05 0.024053 2.5724653552560252e-05
3.011e-05 0.024146 2.5823821999408326e-05
3.0264e-05 0.024239 2.5922990446256403e-05
3.042e-05 0.024332 2.6022756293386698e-05
3.0576e-05 0.024426 2.6122522140516992e-05
3.0732e-05 0.024519 2.62228853879295e-05
3.0889e-05 0.024613 2.632324863534201e-05
3.1047e-05 0.024707 2.642361188275452e-05
3.1205e-05 0.024802 2.652457253044925e-05
3.1364e-05 0.024897 2.6625533178143976e-05
3.1524e-05 0.024992 2.6727091226120923e-05
3.1684e-05 0.025087 2.682864927409787e-05
3.1844e-05 0.025182 2.693080472235703e-05
3.2006e-05 0.025278 2.703296017061619e-05
3.2168e-05 0.025374 2.7135713019157575e-05
3.233e-05 0.02547 2.7237868467416736e-05
3.2493e-05 0.025566 2.7341218716240334e-05
3.2657e-05 0.025663 2.7444568965063933e-05
3.2822e-05 0.02576 2.7547919213887528e-05
3.2987e-05 0.025857 2.7651269462711123e-05
3.3152e-05 0.025954 2.7755814512099157e-05
3.3319e-05 0.026052 2.785976216120497e-05
3.3486e-05 0.02615 2.7964307210593006e-05
3.3653e-05 0.026248 2.8068852259981036e-05
3.3821e-05 0.026346 2.8173994709651286e-05
3.399e-05 0.026445 2.827973455960375e-05
3.4159e-05 0.026544 2.8384877009274e-05
3.4329e-05 0.026643 2.8490616859226466e-05
3.45e-05 0.026742 2.859695410946115e-05
3.4671e-05 0.026842 2.8703291359695837e-05
3.4843e-05 0.026942 2.8810226010212736e-05
3.5016e-05 0.027042 2.891716066072964e-05
3.5189e-05 0.027142 2.9024095311246538e-05
3.5363e-05 0.027243 2.9131627362045657e-05
3.5538e-05 0.027344 2.9239159412844777e-05
3.5713e-05 0.027445 2.934728886392611e-05
3.5889e-05 0.027546 2.945541831500745e-05
3.6065e-05 0.027648 2.9563547766088786e-05
3.6242e-05 0.027749 2.9672274617452337e-05
3.642e-05 0.027851 2.978159886909811e-05
3.6598e-05 0.027954 2.9890923120743877e-05
3.6778e-05 0.028056 3.000024737238965e-05
3.6957e-05 0.028159 3.011016902431764e-05
3.7138e-05 0.028262 3.0220090676245628e-05
3.7319e-05 0.028366 3.0330609728455828e-05
3.75e-05 0.028469 3.0441128780666034e-05
3.7683e-05 0.028573 3.055224523315846e-05
3.7866e-05 0.028677 3.066336168565088e-05
3.805e-05 0.028781 3.07744781381433e-05
3.8234e-05 0.028886 3.0886191990917944e-05
3.8419e-05 0.028991 3.09985032439748e-05
3.8605e-05 0.029096 3.1110814497031654e-05
3.8791e-05 0.029201 3.122312575008851e-05
3.8978e-05 0.029307 3.133603440342759e-05
3.9166e-05 0.029413 3.1448943056766665e-05
3.9354e-05 0.029519 3.156244911038796e-05
3.9543e-05 0.029625 3.167595516400925e-05
3.9733e-05 0.029732 3.178946121763054e-05
3.9924e-05 0.029839 3.190356467153405e-05
4.0115e-05 0.029946 3.2018265525719776e-05
4.0306e-05 0.030053 3.21329663799055e-05
4.0499e-05 0.030161 3.2247667234091225e-05
4.0692e-05 0.030269 3.236296548855917e-05
4.0886e-05 0.030377 3.2478263743027116e-05
4.1081e-05 0.030486 3.259415939777728e-05
4.1276e-05 0.030594 3.271065245280966e-05
4.1472e-05 0.030703 3.2826548107559814e-05
4.1669e-05 0.030812 3.2943041162592194e-05
4.1866e-05 0.030922 3.306013161790679e-05
4.2064e-05 0.031032 3.317722207322139e-05
4.2263e-05 0.031142 3.32949099288182e-05
4.2462e-05 0.031252 3.341259778441501e-05
4.2662e-05 0.031362 3.3530285640011826e-05
4.2863e-05 0.031473 3.364857089589086e-05
4.3065e-05 0.031584 3.376745355205211e-05
4.3267e-05 0.031696 3.388633620821335e-05
4.347e-05 0.031807 3.40052188643746e-05
4.3674e-05 0.031919 3.412469892081806e-05
4.3878e-05 0.032031 3.424417897726153e-05
4.4084e-05 0.032143 3.4364256433987216e-05
4.4289e-05 0.032256 3.448433389071289e-05
4.4496e-05 0.032369 3.4605008747720794e-05
4.4703e-05 0.032482 3.4725683604728695e-05
4.4911e-05 0.032595 3.4846955862018814e-05
4.512e-05 0.032709 3.4968228119308926e-05
4.533e-05 0.032823 3.5089500376599044e-05
4.554e-05 0.034356 3.6726974550156734e-05
4.5751e-05 0.034476 3.6854220810269025e-05
4.5962e-05 0.034595 3.6982064470663535e-05
4.6175e-05 0.034715 3.7109908131058044e-05
4.6388e-05 0.034835 3.7238349191734764e-05
4.6602e-05 0.034956 3.736679025241149e-05
4.6817e-05 0.035077 3.7495828713370434e-05
4.7032e-05 0.035198 3.762486717432938e-05
4.7248e-05 0.035319 3.775450303557053e-05
4.7465e-05 0.035441 3.788413889681169e-05
4.7683e-05 0.035562 3.8014372158335066e-05
4.7901e-05 0.035685 3.8144605419858444e-05
4.812e-05 0.035807 3.8275436081664033e-05
4.834e-05 0.03593 3.8406266743469636e-05
4.856e-05 0.036053 3.853769480555745e-05
4.8782e-05 0.036176 3.8669122867645256e-05
4.9004e-05 0.0363 3.8801148330015286e-05
4.9227e-05 0.036423 3.893317379238532e-05
4.945e-05 0.036548 3.9065796655037565e-05
4.9675e-05 0.036672 3.919901691797203e-05
4.99e-05 0.036797 3.933163978062427e-05
5.0126e-05 0.036922 3.9465457443840954e-05
5.0353e-05 0.037047 3.959867770677542e-05
5.058e-05 0.037172 3.9733092770274326e-05
5.0808e-05 0.037298 3.986750783377321e-05
5.1037e-05 0.037424 4.000192289727211e-05
5.1267e-05 0.037551 4.0136935361053236e-05
5.1498e-05 0.037677 4.0271947824834347e-05
5.1729e-05 0.037804 4.040755768889767e-05
5.1961e-05 0.037932 4.054316755296101e-05
5.2194e-05 0.038059 4.0679374817306554e-05
5.2427e-05 0.038187 4.0815582081652106e-05
5.2662e-05 0.038315 4.095238674627988e-05
5.2897e-05 0.038443 4.108978881118986e-05
5.3133e-05 0.038572 4.122719087609985e-05
5.337e-05 0.038701 4.136459294100983e-05
5.3608e-05 0.03883 4.150259240620203e-05
5.3846e-05 0.03896 4.164059187139423e-05
5.4085e-05 0.03909 4.177918873686866e-05
5.4325e-05 0.03922 4.1918383002625296e-05
5.4566e-05 0.03935 4.205757726838193e-05
5.4807e-05 0.039481 4.2196771534138566e-05
5.505e-05 0.039612 4.233656320017742e-05
5.5293e-05 0.039743 4.2476952266498495e-05
5.5537e-05 0.039875 4.261734133281956e-05
5.5782e-05 0.040007 4.2757730399140635e-05
5.6027e-05 0.040139 4.2898716865743926e-05
5.6274e-05 0.040271 4.304030073262943e-05
5.6521e-05 0.040404 4.3181884599514935e-05
5.6769e-05 0.040537 4.332406586668266e-05
5.7018e-05 0.04067 4.3466247133850385e-05
5.7268e-05 0.040804 4.360902580130032e-05
5.7518e-05 0.040938 4.3751804468750263e-05
5.7769e-05 0.041072 4.389518053648242e-05
5.8022e-05 0.041206 4.403855660421458e-05
5.8274e-05 0.041341 4.4182530072228954e-05
5.8528e-05 0.041476 4.432650354024333e-05
5.8783e-05 0.041611 4.4471074408539926e-05
5.9038e-05 0.041747 4.461564527683651e-05
5.9295e-05 0.041883 4.4760813545415325e-05
5.9552e-05 0.042019 4.490598181399414e-05
5.981e-05 0.042156 4.505174748285516e-05
6.0068e-05 0.042293 4.5198110551998406e-05
6.0328e-05 0.04243 4.534447362114165e-05
6.0588e-05 0.042567 4.549083669028489e-05
6.085e-05 0.042705 4.563779715971036e-05
6.1112e-05 0.042843 4.578535502941804e-05
6.1375e-05 0.042981 4.593291289912572e-05
6.1639e-05 0.04312 4.608047076883339e-05
6.1903e-05 0.043259 4.6229223439105516e-05
6.2169e-05 0.043398 4.637737870909541e-05
6.2435e-05 0.043538 4.6526131379367524e-05
6.2703e-05 0.043677 4.667548144992186e-05
6.2971e-05 0.043818 4.682483152047619e-05
6.324e-05 0.043958 4.6974778991312734e-05
6.3509e-05 0.044099 4.7125323862431495e-05
6.378e-05 0.04424 4.727586873355026e-05
6.4052e-05 0.044381 4.742641360466904e-05
6.4324e-05 0.044523 4.7577555876070016e-05
6.4597e-05 0.044665 4.7728698147471e-05
6.4872e-05 0.044807 4.78804378191542e-05
6.5147e-05 0.044949 4.803277489111962e-05
6.5422e-05 0.045092 4.818511196308504e-05
6.5699e-05 0.045235 4.8338046435332674e-05
6.5977e-05 0.045379 4.8490980907580305e-05
6.6255e-05 0.045522 4.864451278011016e-05
6.6535e-05 0.045666 4.879804465264001e-05
6.6815e-05 0.045811 4.895217392545208e-05
6.7096e-05 0.045955 4.910630319826416e-05
6.7378e-05 0.0461 4.926102987135844e-05
6.7661e-05 0.046246 4.941575654445272e-05
6.7945e-05 0.046391 4.957108061782923e-05
6.823e-05 0.046537 4.9727002091487946e-05
6.8516e-05 0.046683 4.988292356514668e-05
6.8802e-05 0.04683 5.003944243908761e-05
6.9089e-05 0.046977 5.019596131302855e-05
6.9378e-05 0.047124 5.035307758725171e-05
6.9667e-05 0.047271 5.051019386147486e-05
6.9957e-05 0.047419 5.0667907535980246e-05
7.0248e-05 0.047567 5.0825621210485615e-05
7.054e-05 0.047715 5.098393228527321e-05
7.0833e-05 0.047864 5.1142243360060794e-05
7.1127e-05 0.048013 5.1301151835130605e-05
7.1421e-05 0.048162 5.146065771048263e-05
7.1717e-05 0.048311 5.162016358583466e-05
7.2014e-05 0.048461 5.17802668614689e-05
7.2311e-05 0.048612 5.1940370137103144e-05
7.2609e-05 0.048762 5.21010708130196e-05
7.2909e-05 0.048913 5.226177148893606e-05
7.3209e-05 0.049064 5.242306956513474e-05
7.351e-05 0.049215 5.258436764133342e-05
7.3812e-05 0.049367 5.274626311781431e-05
7.4115e-05 0.049519 5.290875599457743e-05
7.4419e-05 0.049672 5.307124887134054e-05
7.4724e-05 0.049824 5.323374174810365e-05
7.5029e-05 0.049977 5.33974294254312e-05
7.5336e-05 0.05013 5.356051970247653e-05
7.5644e-05 0.050284 5.37248047800863e-05
7.5952e-05 0.050438 5.388908985769606e-05
7.6262e-05 0.050592 5.4053374935305824e-05
7.6572e-05 0.050747 5.42182574131978e-05
7.6884e-05 0.050902 5.4383737291372e-05
7.7196e-05 0.051057 5.4549217169546203e-05
7.7509e-05 0.051212 5.4714697047720405e-05
7.7824e-05 0.051368 5.4881371726459034e-05
7.8139e-05 0.051524 5.504744900491545e-05
7.8455e-05 0.051681 5.52147210839363e-05
7.8772e-05 0.051838 5.538199316295715e-05
7.909e-05 0.051995 5.5549265241978005e-05
7.941e-05 0.052152 5.5717134721281076e-05
7.973e-05 0.05231 5.5885601600866364e-05
8.0051e-05 0.052468 5.6054068480451645e-05
8.0373e-05 0.052626 5.622313276031915e-05
8.0695e-05 0.052785 5.6392197040186655e-05
8.1019e-05 0.052944 5.656185872033638e-05
8.1344e-05 0.053103 5.673211780076831e-05
8.167e-05 0.053263 5.690237688120025e-05
8.1997e-05 0.053423 5.707263596163219e-05
8.2325e-05 0.053583 5.724349244234634e-05
8.2654e-05 0.053744 5.7414946323342716e-05
8.2983e-05 0.053905 5.758640020433909e-05
8.3314e-05 0.054066 5.7758451485617675e-05
8.3646e-05 0.054227 5.7931100167178485e-05
8.3979e-05 0.054389 5.810374884873929e-05
8.4312e-05 0.054551 5.8276994930582314e-05
8.4647e-05 0.054714 5.845024101242533e-05
8.4983e-05 0.054877 5.862348709426837e-05
8.532e-05 0.05504 5.879792797667582e-05
8.5657e-05 0.055203 5.897236885908328e-05
8.5996e-05 0.055367 5.914680974149074e-05
8.6336e-05 0.055531 5.932184802418042e-05
8.6677e-05 0.055696 5.949748370715231e-05
8.7018e-05 0.055861 5.967311939012421e-05
8.7361e-05 0.056026 5.984756027253166e-05
8.7705e-05 0.056191 6.002678035719686e-05
8.805e-05 0.056357 6.020002643903989e-05
8.8395e-05 0.056523 6.037924652370508e-05
8.8742e-05 0.05669 6.055846660837028e-05
8.909e-05 0.056856 6.0737686693035474e-05
8.9439e-05 0.057023 6.09109327748785e-05
8.9789e-05 0.057191 6.10901528595437e-05
9.014e-05 0.057359 6.12693729442089e-05
9.0492e-05 0.057527 6.14485930288741e-05
9.0845e-05 0.057695 6.16278131135393e-05
9.1199e-05 0.057864 6.18070331982045e-05
9.1554e-05 0.058033 6.199222728569187e-05
9.191e-05 0.058202 6.217144737035705e-05
9.2267e-05 0.058372 6.235066745502225e-05
9.2625e-05 0.058542 6.252988753968745e-05
9.2984e-05 0.058712 6.271508162717483e-05
9.3344e-05 0.058883 6.289430171184003e-05
9.3706e-05 0.059054 6.30794957993274e-05
9.4068e-05 0.059225 6.326468988681476e-05
9.4431e-05 0.059397 6.344390997147996e-05
9.4796e-05 0.059569 6.362910405896733e-05
9.5161e-05 0.059742 6.38142981464547e-05
9.5528e-05 0.059914 6.39935182311199e-05
9.5895e-05 0.060087 6.417871231860728e-05
9.6264e-05 0.060261 6.436390640609464e-05
9.6634e-05 0.060434 6.454910049358201e-05
9.7005e-05 0.060608 6.473429458106938e-05
9.7376e-05 0.060783 6.491948866855676e-05
9.7749e-05 0.060957 6.51106567588663e-05
9.8123e-05 0.061132 6.529585084635366e-05
9.8498e-05 0.061308 6.548104493384105e-05
9.8874e-05 0.061484 6.567221302415058e-05
9.9252e-05 0.06166 6.585740711163796e-05
9.963e-05 0.061836 6.604260119912533e-05
0.00010001 0.062013 6.623376928943486e-05
0.00010039 0.06219 6.642493737974442e-05
0.00010077 0.062367 6.66101314672318e-05
0.00010115 0.062545 6.680129955754133e-05
0.00010154 0.062723 6.699246764785088e-05
0.00010192 0.062901 6.718363573816042e-05
0.00010231 0.06308 6.737480382846995e-05
0.0001027 0.063259 6.75659719187795e-05
0.00010308 0.063438 6.775714000908906e-05
0.00010347 0.063618 6.79483080993986e-05
0.00010386 0.063798 6.813947618970814e-05
0.00010425 0.063979 6.833064428001769e-05
0.00010465 0.06416 6.852181237032722e-05
0.00010504 0.064341 6.871895446345894e-05
0.00010543 0.064522 6.89101225537685e-05
0.00010583 0.064704 6.910129064407803e-05
0.00010623 0.064886 6.929843273720975e-05
0.00010663 0.065069 6.94896008275193e-05
0.00010702 0.065251 6.9686742920651e-05
0.00010743 0.065435 6.988388501378273e-05
0.00010783 0.065618 7.008102710691446e-05
0.00010823 0.065802 7.027219519722399e-05
0.00010863 0.065986 7.046933729035571e-05
0.00010904 0.066171 7.066647938348743e-05
0.00010944 0.066356 7.086362147661914e-05
0.00010985 0.066541 7.106076356975086e-05
0.00011026 0.066726 7.125790566288259e-05
0.00011067 0.066912 7.146102175883647e-05
0.00011108 0.067099 7.165816385196819e-05
0.00011149 0.067285 7.18553059450999e-05
0.0001119 0.067472 7.205244803823162e-05
0.00011232 0.067659 7.225556413418552e-05
0.00011273 0.067847 7.245270622731723e-05
0.00011315 0.068035 7.265582232327112e-05
0.00011357 0.068223 7.285893841922502e-05
0.00011398 0.068412 7.305608051235672e-05
0.0001144 0.068601 7.325919660831062e-05
0.00011482 0.068791 7.346231270426451e-05
0.00011525 0.06898 7.36654288002184e-05
0.00011567 0.06917 7.38685448961723e-05
0.00011609 0.069361 7.407166099212618e-05
0.00011652 0.071338 7.617450998553117e-05
0.00011695 0.071534 7.638360008430723e-05
0.00011737 0.071731 7.65926901830833e-05
0.0001178 0.071927 7.680775428468153e-05
0.00011823 0.072124 7.701684438345759e-05
0.00011866 0.072322 7.722593448223367e-05
0.0001191 0.07252 7.743502458100972e-05
0.00011953 0.072718 7.765008868260796e-05
0.00011996 0.072917 7.785917878138404e-05
0.0001204 0.073115 7.807424288298227e-05
0.00012084 0.073315 7.82833329817583e-05
0.00012128 0.073514 7.849839708335657e-05
0.00012172 0.073714 7.870748718213263e-05
0.00012216 0.073915 7.892255128373087e-05
0.0001226 0.074116 7.91376153853291e-05
0.00012304 0.074317 7.935267948692734e-05
0.00012349 0.074518 7.956774358852557e-05
0.00012393 0.07472 7.978280769012381e-05
0.00012438 0.074922 7.999787179172205e-05
0.00012483 0.075125 8.021293589332029e-05
0.00012528 0.075328 8.042799999491852e-05
0.00012573 0.075531 8.064903809933894e-05
0.00012618 0.075735 8.086410220093718e-05
0.00012663 0.075939 8.107916630253541e-05
0.00012709 0.076143 8.130020440695581e-05
0.00012754 0.076348 8.151526850855405e-05
0.000128 0.076553 8.173630661297446e-05
0.00012845 0.076758 8.195734471739488e-05
0.00012891 0.080355 8.578668052640793e-05
0.00012937 0.08057 8.60196666364727e-05
0.00012984 0.080786 8.624667874371527e-05
0.0001303 0.081002 8.647966485378003e-05
0.00013076 0.081218 8.670667696102262e-05
0.00013123 0.081435 8.693966307108736e-05
0.00013169 0.081652 8.717264918115214e-05
0.00013216 0.08187 8.740563529121688e-05
0.00013263 0.082088 8.763862140128164e-05
0.0001331 0.082306 8.786563350852423e-05
0.00013357 0.082525 8.810459362141115e-05
0.00013404 0.082744 8.833757973147592e-05
0.00013452 0.082964 8.857056584154067e-05
0.00013499 0.083184 8.880355195160543e-05
0.00013547 0.083404 8.903653806167019e-05
0.00013595 0.083625 8.927549817455711e-05
0.00013643 0.083846 8.950848428462188e-05
0.00013691 0.084068 8.97474443975088e-05
0.00013739 0.084289 8.998043050757355e-05
0.00013787 0.084512 9.02193906204605e-05
0.00013835 0.084734 9.045835073334741e-05
0.00013884 0.084957 9.069133684341219e-05
0.00013933 0.085181 9.093029695629911e-05
0.00013981 0.085405 9.116925706918603e-05
0.0001403 0.085629 9.140821718207297e-05
0.00014079 0.085854 9.16471772949599e-05
0.00014128 0.086079 9.188613740784683e-05
0.00014178 0.086304 9.213107152355593e-05
0.00014227 0.08653 9.237003163644287e-05
0.00014277 0.086756 9.260899174932979e-05
0.00014326 0.086983 9.28539258650389e-05
0.00014376 0.08721 9.309288597792583e-05
0.00014426 0.087437 9.333782009363492e-05
0.00014476 0.087665 9.357678020652187e-05
0.00014526 0.087893 9.382171432223096e-05
0.00014577 0.088122 9.406664843794007e-05
0.00014627 0.088351 9.431158255364917e-05
0.00014678 0.08858 9.455651666935828e-05
0.00014729 0.08881 9.480145078506737e-05
0.00014779 0.08904 9.504638490077648e-05
0.0001483 0.089271 9.529131901648558e-05
0.00014881 0.089502 9.553625313219468e-05
0.00014933 0.089733 9.578118724790378e-05
0.00014984 0.089965 9.603209536643506e-05
0.00015036 0.090197 9.627702948214417e-05
0.00015087 0.09043 9.652793760067544e-05
0.00015139 0.090662 9.677287171638456e-05
0.00015191 0.090896 9.702377983491582e-05
0.00015243 0.09113 9.726871395062493e-05
0.00015295 0.091364 9.75196220691562e-05
0.00015347 0.091598 9.777053018768749e-05
0.000154 0.091833 9.802143830621876e-05
0.00015453 0.092069 9.827234642475003e-05
0.00015505 0.092305 9.85232545432813e-05
0.00015558 0.092541 9.87741626618126e-05
0.00015611 0.092777 9.902507078034386e-05
0.00015664 0.093014 9.928195290169731e-05
0.00015717 0.093252 9.95328610202286e-05
0.00015771 0.093489 9.978376913875987e-05
0.00015824 0.093728 0.00010004065126011331
0.00015878 0.093966 0.00010029155937864459
0.00015932 0.094205 0.00010054844149999805
0.00015986 0.094445 0.0001008053236213515
0.0001604 0.094685 0.00010106220574270494
0.00016094 0.094925 0.00010131311386123622
0.00016148 0.095165 0.00010156999598258966
0.00016203 0.095406 0.00010182687810394313
0.00016258 0.095648 0.00010208376022529658
0.00016312 0.09589 0.00010234661634947219
0.00016367 0.096132 0.00010260349847082564
0.00016422 0.096375 0.0001028603805921791
0.00016477 0.096618 0.00010311726271353255
0.00016533 0.096861 0.00010338011883770816
0.00016588 0.097105 0.00010363700095906162
0.00016644 0.09735 0.00010389985708323723
0.000167 0.097594 0.00010416271320741287
0.00016755 0.097839 0.00010441959532876632
0.00016811 0.098085 0.00010468245145294194
0.00016868 0.098331 0.00010494530757711756
0.00016924 0.098577 0.00010520816370129318
0.0001698 0.098824 0.00010547101982546882
0.00017037 0.099071 0.00010573387594964443
0.00017094 0.099319 0.00010599673207382005
0.0001715 0.099567 0.00010625958819799568
0.00017207 0.099815 0.00010652841832499347
0.00017265 0.10006 0.0001067912744491691
0.00017322 0.10031 0.00010705413057334472
0.00017379 0.10056 0.00010732296070034252
0.00017437 0.10081 0.00010759179082734031
0.00017495 0.10106 0.00010785464695151593
0.00017552 0.10131 0.00010812347707851373
0.0001761 0.10157 0.00010839230720551152
0.00017669 0.10504 0.00011209618895525894
0.00017727 0.1053 0.00011237099308507892
0.00017785 0.10556 0.00011265177121772106
0.00017844 0.10583 0.00011292657534754102
0.00017903 0.10609 0.00011320735348018317
0.00017961 0.10635 0.00011348813161282532
0.0001802 0.10661 0.00011376293574264527
0.0001808 0.10687 0.00011404371387528742
0.00018139 0.10714 0.00011432449200792958
0.00018198 0.1074 0.00011460527014057171
0.00018258 0.10766 0.00011488604827321386
0.00018318 0.10793 0.00011517280040867818
0.00018378 0.10819 0.00011545357854132031
0.00018438 0.10846 0.00011573435667396246
0.00018498 0.10872 0.0001160151348066046
0.00018558 0.10899 0.00011630188694206893
0.00018619 0.10926 0.00011658266507471106
0.00018679 0.10952 0.00011686941721017538
0.0001874 0.10979 0.0001171561693456397
0.00018801 0.11006 0.000117442921481104
0.00018862 0.11033 0.00011772369961374615
0.00018923 0.1106 0.00011801045174921047
0.00018985 0.11087 0.00011829720388467478
0.00019046 0.11114 0.0001185839560201391
0.00019108 0.11141 0.00011887668215842559
0.0001917 0.11168 0.00011916343429388991
0.00019232 0.11195 0.00011945018642935422
0.00019294 0.11222 0.00011974291256764071
0.00019356 0.11249 0.00012002966470310503
0.00019418 0.11276 0.00012032239084139151
0.00019481 0.11304 0.00012060914297685583
0.00019544 0.11331 0.00012090186911514232
0.00019606 0.11358 0.00012119459525342882
0.00019669 0.11386 0.0001214873213917153
0.00019733 0.11413 0.00012178004753000179
0.00019796 0.11441 0.00012207277366828827
0.00019859 0.11468 0.00012236549980657477
0.00019923 0.11496 0.00012265822594486125
0.00019987 0.11523 0.00012295095208314776
0.00020051 0.11551 0.00012324367822143424
0.00020115 0.11579 0.0001235423783625429
0.00020179 0.11607 0.00012383510450082939
0.00020244 0.11634 0.00012413380464193805
0.00020308 0.11662 0.00012443250478304672
0.00020373 0.1169 0.0001247252309213332
0.00020438 0.11718 0.00012502393106244187
0.00020503 0.11746 0.00012532263120355053
0.00020568 0.11774 0.0001256213313446592
0.00020633 0.11802 0.00012592003148576786
0.00020699 0.1183 0.0001262187316268765
0.00020764 0.11858 0.00012651743176798517
0.0002083 0.11887 0.00012682210591191602
0.00020896 0.11915 0.0001271208060530247
0.00020962 0.11943 0.00012742548019695552
0.00021028 0.11972 0.00012772418033806418
0.00021095 0.12 0.000128028854481995
0.00021161 0.12028 0.00012832755462310368
0.00021228 0.12057 0.00012863222876703453
0.00021295 0.12085 0.00012893690291096536
0.00021362 0.12114 0.00012924157705489618
0.00021429 0.12143 0.00012954625119882703
0.00021497 0.12171 0.00012985092534275786
0.00021564 0.122 0.0001301555994866887
0.00021632 0.12229 0.00013046027363061954
0.000217 0.12257 0.00013077092177737253
0.00021768 0.12286 0.00013107559592130338
0.00021836 0.12315 0.0001313862440680564
0.00021904 0.12344 0.00013169091821198722
0.00021972 0.12373 0.00013200156635874023
0.00022041 0.12402 0.00013231221450549325
0.0002211 0.12431 0.00013261688864942407
0.00022179 0.1246 0.00013292753679617708
0.00022248 0.12489 0.0001332381849429301
0.00022317 0.12519 0.0001335488330896831
0.00022387 0.12548 0.00013385948123643612
0.00022456 0.12577 0.0001341761033860113
0.00022526 0.12606 0.0001344867515327643
0.00022596 0.12636 0.0001347973996795173
0.00022666 0.12665 0.0001351140218290925
0.00022736 0.12695 0.00013542466997584548
0.00022807 0.12724 0.00013574129212542068
0.00022877 0.12754 0.00013605791427499586
0.00022948 0.12783 0.00013636856242174887
0.00023019 0.12813 0.00013668518457132407
0.0002309 0.12843 0.00013700180672089924
0.00023161 0.12873 0.00013731842887047441
0.00023233 0.12902 0.00013763505102004961
0.00023304 0.12932 0.00013795764717244697
0.00023376 0.12962 0.00013827426932202215
0.00023448 0.12992 0.00013859089147159735
0.0002352 0.13022 0.00013891348762399468
0.00023592 0.13052 0.00013923010977356988
0.00023665 0.13082 0.00013955270592596724
0.00023737 0.13112 0.0001398693280755424
0.0002381 0.13142 0.00014019192422793977
0.00023883 0.13173 0.00014051452038033713
0.00023956 0.13203 0.0001408371165327345
0.00024029 0.13233 0.00014115971268513182
0.00024103 0.13264 0.00014148230883752918
0.00024176 0.13294 0.00014180490498992652
0.0002425 0.13324 0.00014213347514514606
0.00024324 0.13355 0.00014245607129754342
0.00024398 0.13385 0.00014277866744994078
0.00024472 0.13416 0.0001431072376051603
0.00024546 0.13447 0.00014342983375755766
0.00024621 0.13477 0.00014375840391277718
0.00024696 0.13508 0.00014408697406799673
0.00024771 0.13539 0.00014441554422321625
0.00024846 0.1357 0.00014474411437843577
0.00024921 0.136 0.00014507268453365531
0.00024996 0.13631 0.00014540125468887483
0.00025072 0.13662 0.00014572982484409435
0.00025148 0.13693 0.0001460583949993139
0.00025224 0.13724 0.0001463929391573556
0.000253 0.13756 0.00014672150931257513
0.00025376 0.13787 0.00014705007946779465
0.00025453 0.13818 0.00014738462362583635
0.00025529 0.13849 0.00014771916778387806
0.00025606 0.1388 0.00014804773793909758
0.00025683 0.13912 0.00014838228209713928
0.0002576 0.13943 0.000148716826255181
0.00025838 0.13975 0.0001490513704132227
0.00025915 0.14006 0.0001493859145712644
0.00025993 0.14038 0.00014972643273212827
0.00026071 0.14069 0.00015006097689016998
0.00026149 0.14101 0.00015039552104821168
0.00026227 0.14132 0.00015073603920907555
0.00026305 0.14164 0.00015107058336711726
0.00026384 0.14196 0.00015141110152798112
0.00026463 0.14228 0.00015174564568602283
0.00026541 0.1426 0.00015208616384688672
0.00026621 0.14291 0.0001524266820077506
0.000267 0.14323 0.00015276720016861445
0.00026779 0.14355 0.00015310771832947835
0.00026859 0.14387 0.00015344823649034221
0.00026939 0.1442 0.00015378875465120608
0.00027019 0.14452 0.00015413524681489213
0.00027099 0.14484 0.000154475764975756
0.00027179 0.14516 0.00015481628313661987
0.0002726 0.14548 0.00015516277530030595
0.0002734 0.14581 0.00015550926746399197
0.00027421 0.14613 0.00015584978562485587
0.00027502 0.14646 0.0001561962777885419
0.00027583 0.14678 0.00015654276995222797
0.00027665 0.14711 0.000156889262115914
0.00027746 0.14743 0.00015723575427960005
0.00027828 0.14776 0.00015758224644328608
0.0002791 0.14808 0.00015792873860697216
0.00027992 0.14841 0.0001582812047734804
0.00028074 0.14874 0.00015862769693716642
0.00028157 0.14907 0.00015897418910085248
0.0002824 0.1494 0.00015932665526736072
0.00028322 0.14972 0.00015967912143386893
0.00028405 0.15005 0.00016002561359755498
0.00028489 0.15038 0.00016037807976406317
0.00028572 0.15072 0.0001607305459305714
0.00028656 0.15105 0.00016108301209707965
0.00028739 0.15138 0.00016143547826358786
0.00028823 0.15171 0.00016178794443009607
0.00028907 0.15204 0.0001621404105966043
0.00028992 0.15238 0.00016249885076593469
0.00029076 0.15271 0.00016285131693244293
0.00029161 0.15304 0.0001632097571017733
0.00029246 0.15338 0.00016356222326828154
0.00029331 0.15371 0.0001639206634376119
0.00029416 0.15405 0.0001642791036069423
0.00029501 0.15438 0.00016463754377627274
0.00029587 0.15472 0.00016499598394560314
0.00029673 0.15506 0.0001653544241149335
0.00029759 0.15539 0.0001657128642842639
0.00029845 0.15573 0.0001660713044535943
0.00029931 0.15607 0.0001664297446229247
0.00030018 0.15641 0.00016679415879507727
0.00030105 0.15675 0.00016715259896440767
0.00030192 0.15709 0.00016751701313656023
0.00030279 0.15743 0.00016787545330589063
0.00030366 0.15777 0.0001682398674780432
0.00030453 0.15811 0.00016860428165019575
0.00030541 0.15845 0.0001689686958223483
0.00030629 0.1588 0.00016933310999450092
0.00030717 0.15914 0.00016969752416665348
0.00030805 0.15948 0.00017006193833880604
0.00030894 0.15982 0.0001704263525109586
0.00030982 0.16561 0.00017658554942061923
0.00031071 0.16597 0.00017696191159841614
0.0003116 0.16632 0.0001773442477790352
0.00031249 0.16668 0.00017772658395965433
0.00031339 0.16704 0.00017810892014027342
0.00031428 0.1674 0.00017848528231807033
0.00031518 0.16776 0.00017886761849868942
0.00031608 0.16812 0.00017924995467930848
0.00031698 0.16848 0.00017963826486274976
0.00031788 0.16884 0.00018002060104336883
0.00031879 0.1692 0.00018040293722398795
0.0003197 0.16956 0.0001807912474074292
0.00032061 0.16992 0.0001811735835880483
0.00032152 0.17029 0.00018156189377148955
0.00032243 0.17065 0.00018194422995210864
0.00032334 0.17101 0.0001823325401355499
0.00032426 0.17138 0.00018272085031899118
0.00032518 0.17174 0.00018310916050243243
0.0003261 0.17211 0.00018349747068587368
0.00032702 0.17247 0.00018388578086931493
0.00032795 0.17284 0.00018427409105275621
0.00032888 0.17321 0.00018466837523901963
0.0003298 0.17357 0.0001850566854224609
0.00033074 0.17394 0.00018545096960872435
0.00033167 0.17431 0.0001858392797921656
0.0003326 0.17468 0.00018623356397842904
0.00033354 0.17505 0.00018662784816469245
0.00033448 0.17542 0.0001870221323509559
0.00033542 0.17579 0.00018741641653721936
0.00033636 0.17616 0.00018781070072348277
0.00033731 0.17653 0.0001882049849097462
0.00033825 0.1769 0.00018859926909600965
0.0003392 0.17727 0.00018899952728509525
0.00034015 0.17765 0.00018939381147135866
0.0003411 0.17802 0.00018979406966044432
0.00034206 0.1784 0.00019018835384670773
0.00034301 0.17877 0.00019058861203579333
0.00034397 0.17915 0.00019098887022487893
0.00034493 0.17952 0.00019138912841396455
0.0003459 0.1799 0.00019178938660305018
0.00034686 0.18027 0.00019218964479213578
0.00034783 0.18065 0.00019258990298122138
0.0003488 0.18103 0.00019299016117030698
0.00034977 0.18141 0.00019339639336221477
0.00035074 0.18179 0.0001937966515513004
0.00035171 0.18217 0.00019420288374320815
0.00035269 0.18255 0.00019460314193229375
0.00035367 0.18293 0.00019500937412420154
0.00035465 0.18331 0.00019541560631610932
0.00035563 0.18369 0.0001958218385080171
0.00035662 0.18407 0.0001962280706999249
0.0003576 0.18445 0.00019663430289183266
0.00035859 0.18484 0.00019704053508374044
0.00035958 0.18522 0.00019745274127847042
0.00036058 0.1856 0.0001978589734703782
0.00036157 0.18599 0.00019826520566228596
0.00036257 0.18637 0.0001986774118570159
0.00036357 0.18676 0.00019908961805174585
0.00036457 0.18715 0.00019950182424647585
0.00036557 0.18753 0.00019990805643838361
0.00036658 0.18792 0.00020032026263311356
0.00036758 0.18831 0.0002007384428306657
0.00036859 0.1887 0.00020115064902539567
0.00036961 0.18908 0.0002015628552201256
0.00037062 0.18947 0.00020197506141485556
0.00037163 0.18986 0.0002023932416124077
0.00037265 0.19025 0.00020280544780713766
0.00037367 0.19065 0.00020322362800468977
0.00037469 0.19104 0.0002036418082022419
0.00037572 0.19143 0.000204059988399794
0.00037675 0.19182 0.00020447219459452396
0.00037777 0.19222 0.00020489634879489828
0.0003788 0.19261 0.0002053145289924504
0.00037984 0.193 0.00020573270919000254
0.00038087 0.1934 0.00020615088938755468
0.00038191 0.19379 0.00020657504358792897
0.00038295 0.19419 0.0002069932237854811
0.00038399 0.19459 0.0002074173779858554
0.00038503 0.19498 0.00020783555818340753
0.00038608 0.19538 0.00020825971238378182
0.00038712 0.19578 0.0002086838665841561
0.00038817 0.19618 0.0002091080207845304
0.00038922 0.19658 0.00020953217498490473
0.00039028 0.19698 0.00020995632918527902
0.00039133 0.19738 0.0002103864573884755
0.00039239 0.19778 0.0002108106115888498
0.00039345 0.19818 0.0002112347657892241
0.00039451 0.19858 0.0002116648939924206
0.00039558 0.19898 0.00021209502219561704
0.00039665 0.19939 0.00021251917639599136
0.00039771 0.19979 0.00021294930459918784
0.00039878 0.20019 0.0002133794328023843
0.00039986 0.2006 0.00021380956100558077
0.00040093 0.201 0.00021423968920877725
0.00040201 0.20141 0.0002146757914147959
0.00040309 0.20181 0.00021510591961799237
0.00040417 0.20222 0.00021553604782118885
0.00040526 0.20263 0.0002159721500272075
0.00040634 0.20304 0.00021640825223322613
0.00040743 0.20345 0.0002168383804364226
0.00040852 0.20385 0.00021727448264244128
0.00040961 0.20426 0.00021771058484845992
0.00041071 0.20467 0.00021814668705447856
0.00041181 0.20508 0.00021858278926049722
0.0004129 0.2055 0.00021901889146651586
0.00041401 0.20591 0.00021946096767535666
0.00041511 0.20632 0.00021989706988137533
0.00041622 0.20673 0.00022033914609021616
0.00041732 0.20715 0.0002207752482962348
0.00041843 0.20756 0.0002212173245050756
0.00041955 0.20797 0.00022165940071391645
0.00042066 0.20839 0.00022210147692275725
0.00042178 0.20881 0.0002225435531315981
0.0004229 0.20922 0.0002229856293404389
0.00042402 0.20964 0.00022342770554927973
0.00042514 0.21006 0.00022386978175812053
0.00042627 0.21047 0.00022431783196978354
0.0004274 0.21089 0.00022475990817862434
0.00042853 0.21131 0.00022520795839028732
0.00042966 0.21173 0.00022565003459912818
0.00043079 0.21215 0.00022609808481079116
0.00043193 0.21257 0.00022654613502245415
0.00043307 0.21299 0.00022699418523411716
0.00043421 0.21341 0.00022744223544578015
0.00043536 0.21384 0.00022789028565744314
0.0004365 0.21426 0.00022833833586910615
0.00043765 0.21468 0.0002287923600835913
0.0004388 0.21511 0.00022924041029525428
0.00043995 0.21553 0.00022969443450973945
0.00044111 0.21596 0.00023014845872422463
0.00044227 0.21638 0.00023059650893588764
0.00044343 0.21681 0.0002310505331503728
0.00044459 0.21723 0.00023150455736485796
0.00044575 0.21766 0.00023195858157934313
0.00044692 0.21809 0.0002324126057938283
0.00044809 0.21852 0.0002328726040111356
0.00044926 0.21895 0.0002333266282256208
0.00045043 0.21938 0.00023378065244010596
0.00045161 0.21981 0.0002342406506574133
0.00045278 0.22024 0.00023470064887472065
0.00045397 0.22067 0.00023515467308920582
0.00045515 0.22918 0.00024421126136762046
0.00045633 0.22963 0.0002446891815933943
0.00045752 0.23008 0.00024516112781634603
0.00045871 0.23053 0.0002456390480421199
0.0004599 0.23098 0.0002461229422707159
0.0004611 0.23143 0.0002466008624964898
0.00046229 0.23188 0.0002470787827222636
0.00046349 0.23233 0.0002475567029480375
0.00046469 0.23278 0.00024804059717663355
0.0004659 0.23323 0.0002485244914052295
0.0004671 0.23369 0.00024900241163100344
0.00046831 0.23414 0.00024948630585959946
0.00046952 0.2346 0.0002499702000881955
0.00047073 0.23505 0.0002504540943167915
0.00047195 0.23551 0.00025093798854538754
0.00047317 0.23596 0.00025142188277398357
0.00047439 0.23642 0.0002519117510054018
0.00047561 0.23688 0.00025239564523399784
0.00047683 0.23734 0.000252885513465416
0.00047806 0.2378 0.00025336940769401205
0.00047929 0.23825 0.0002538592759254303
0.00048052 0.23871 0.0002543491441568485
0.00048175 0.23917 0.00025483901238826666
0.00048299 0.23964 0.0002553288806196849
0.00048423 0.2401 0.0002558187488511031
0.00048547 0.24056 0.0002563086170825213
0.00048671 0.24102 0.00025680445931676167
0.00048796 0.24149 0.0002572943275481799
0.00048921 0.24195 0.00025779016978242026
